1.1624958346845218
1.1499379129154632
1.1291644900060274
1.1053646313425507
1.082276897255486
1.065327940093071
1.0570049368373176
1.053095875381367
1.0509569081516403
1.049659935063594
1.048817786411669
1.0482427713253684
1.0478344950239917
1.0475353154642972
1.047310280980712
1.0471372476037935
1.0470016668311173
1.046893682362748
1.0468064383726714
1.0467350554723855
1.0466759902189868
1.0466266229314194
1.0465849856914307
1.0465495788048316
1.0465192444563682
1.046493078156628
1.046470365656052
1.046450537329019
1.0464331347383846
1.0464177858197525
1.0464041862497102
1.0463920853069573
1.0463812750361146
1.0463715818658232
1.0463628600692487
1.046354986620786
1.0463478571202387
1.0463413825399492
1.04633548661134
1.0463301037119257
1.0463251771467827
1.0463206577429538
1.0463165026936685
1.046312674603165
1.0463091406934983
1.0463058721428482
1.0463028435311201
1.0463000323735128
1.0462974187265357
1.0462949848539642
1.046292714942585
1.046290594859472
1.0462886119440356
1.0462867548292953
1.0462850132877979
1.0462833780983936
1.0462818409307175
1.0462803942447558
1.0462790312032937
1.0462777455954013
1.046276531769405
1.0462753845740278
1.0462742993065883
1.0462732716673095
1.046272297718934
1.0462713738509541
1.0462704967478684
1.046269663360956
1.0462688708831331
1.046268116726515
1.0462673985023572
1.0462667140030908
1.046266061186213
1.0462654381598113
1.0462648431695392
1.0462642745868804
1.046263730898557
1.0462632106969574
1.0462627126714734
1.0462622356006515
1.046261778345068
1.0462613398408582
1.046260919093829
1.0462605151740967
1.046260127211197
1.0462597543896224
1.0462593959447408
1.0462590511590648
1.0462587193588313
1.0462583999108672
1.046258092219713
1.0462577957249788
1.0462575098989129
1.0462572342441652
1.0462569682917247
1.0462567115990185
1.046256463748157
1.0462562243443119
1.0462559930142172
1.046255769404783
1.0462555531818085
1.0462553440287936
1.0462551416458323
1.0462549457485877
1.0462547560673394
1.0462545723460979
1.0462543943417797
1.0462542218234405
1.0462540545715602
1.0462538923773765
1.0462537350422627
1.0462535823771473
1.0462534342019716
1.0462532903451833
1.0462531506432613
1.0462530149402727
1.046252883087457
1.0462527549428364
1.0462526303708515
1.0462525092420176
1.0462523914326043
1.046252276824333
1.0462521653040933
1.0462520567636762
1.0462519510995234